77 598
345 739
240 871
145 530
13 769
308 535
762 362
601 630
486 657
826 659
802 507
145 642
95 32
30 105
736 584
777 280
365 561
379 69
332 203
712 794
508 687
707 84
185 486
312 136
853 393
618 57
372 395
590 466
455 600
646 211
843 42
690 325
889 31
172 204
879 534
300 286
842 35
154 118
697 64
460 505
616 790
149 346
863 722
804 866
867 810
510 629
453 504
847 468
893 385
91 157
316 111
154 321
95 335
112 340
244 475
665 394
142 144
491 56
790 347
358 169
123 203
233 72
26 568
730 340
84 582
121 315
869 306
191 508
639 724
253 531
613 467
625 395
147 119
489 311
16 794
575 549
29 819
37 116
774 84
297 424
501 668
258 558
356 353
421 733
850 879
313 68
97 724
452 552
474 734
821 804
81 421
327 187
10 469
289 53
272 77
630 557
430 725
32 842
212 69
41 691
