530 070 000 
600 195 000 
098 000 060 

800 060 003 
400 803 001 
700 020 006 

060 000 280 
000 419 005 
000 080 079 

Solved:
534 678 912 
672 195 348 
198 342 567 

859 761 423 
426 853 791 
713 924 856 

961 537 284 
287 419 635 
345 286 179 

---------------------
200 500 080 
001 020 000 
000 000 000 

070 008 000 
003 000 020 
000 070 600 

600 200 001 
040 000 700 
000 300 000 

Solved:
297 543 186 
481 726 395 
356 189 274 

572 638 419 
963 451 827 
814 972 653 

638 297 541 
149 865 732 
725 314 968 

